# Frame list with one line of data per frame:
#   FRAME_ID, RIG_ID, RIG_FROM_WORLD[QW, QX, QY, QZ, TX, TY, TZ], NUM_DATA_IDS, DATA_IDS[] as (SENSOR_TYPE, SENSOR_ID, DATA_ID)
# Number of frames: 30
1 1 0.99919008116801156 -0.014890577234857308 -0.011316099936252698 -0.035628616129565846 2.6792311325685598 0.51559379077113077 -1.2042665476501588 1 CAMERA 1 1
2 1 0.99799119104969802 -0.057633511722530562 -0.00070507852270284459 0.026295698850023301 2.6390790726111022 -0.81155322099132965 -0.26907547227349704 1 CAMERA 1 2
3 1 0.99743021646959851 -0.055782801913528468 -0.0090528544339163967 0.044037349042423436 1.5358855071139608 -0.33799329259763661 0.017897858760837847 1 CAMERA 1 3
4 1 0.99125867216496988 -0.080648848154830061 0.0046426833593138286 0.10430941299933232 1.1353493462987707 -1.1430138175070417 0.49006239012368169 1 CAMERA 1 4
5 1 0.98116085154609745 -0.072535110692741031 0.045125005860539039 0.17327947067155716 -0.47364318976524639 -1.2389641241799396 0.48245492237186277 1 CAMERA 1 5
6 1 0.98626861658633891 -0.048154340842516477 0.033556447436759576 0.15436754914915332 -0.47305182835384485 0.17626365054538537 -1.7862094598222855 1 CAMERA 1 6
7 1 0.94256342924917091 -0.080666417955868902 -0.0081932690300782745 0.3240370059095305 1.1310421952756857 -0.86260291924721821 -0.47245363271240659 1 CAMERA 1 7
8 1 0.92069010518368799 -0.11428003562007538 -0.031648487766229798 0.37184429119946805 2.2290571313153107 -0.26837443277982709 0.8206128294440197 1 CAMERA 1 8
9 1 0.86046399398291729 -0.16293352165535402 -0.074516814937394538 0.47697130613018696 3.138161576783741 -1.6422212392903077 0.63122533926506019 1 CAMERA 1 9
10 1 0.21690939255081576 -0.17902032843843468 -0.030980800052450349 0.95913618816992885 2.1204511769862746 1.3115883962916879 0.94230254446191197 1 CAMERA 1 10
11 1 0.12353936149276581 -0.11751816116414243 -0.028143440596248771 0.98495454448921849 1.9818789831278454 0.70549912341414822 -1.4456952632161089 1 CAMERA 1 11
12 1 0.071205537899054053 -0.1260348188614569 -0.029853619197513601 0.98901656064389343 1.4065609721715087 1.3053430270136086 -1.5231911450051727 1 CAMERA 1 12
13 1 0.030466739589562787 -0.13176481903732412 -0.027930105051973766 0.99041896158879605 1.1061133614086365 0.42994474771425656 -0.45830691210942776 1 CAMERA 1 13
14 1 -0.16776108110722734 -0.12274652238032649 -0.046771743113725603 0.97703731502710489 2.8964169162946063 0.85121908449353978 -1.099013636563011 1 CAMERA 1 14
15 1 -0.25772121592464425 -0.11986810470505752 -0.022264725134889644 0.95849658025024187 2.6522028714983814 -0.39594816314302467 -1.1504174913943832 1 CAMERA 1 15
16 1 -0.33850076541204194 -0.10671497432308227 -0.013077558048678382 0.93480378879536474 3.1358154791651192 0.098712214261283668 -1.4769215851125614 1 CAMERA 1 16
17 1 -0.34781604471383759 -0.10248072708487767 -0.031879923849203802 0.93139968331063194 3.4705880494266461 0.032225739821122437 -1.2884340224931046 1 CAMERA 1 17
18 1 0.96891312582160727 0.044223779782387347 0.042037648068507086 -0.23975914593030562 3.3707517557823392 3.7859987698651341 1.5087571093951739 1 CAMERA 1 18
19 1 0.99925884731092329 0.010924827404416677 0.011233628676113933 -0.035159775366117751 1.4447201143492283 1.5339402142627045 -0.26524423511223999 1 CAMERA 1 19
20 1 0.99986317816111203 -0.0093530138457378707 -0.012815295335181057 -0.0046812706644444495 1.4644093652338717 0.83370739360424795 -2.3116456048776115 1 CAMERA 1 20
21 1 0.99225736862252167 0.013235287886586599 0.0025450084126721717 -0.12346523600207411 2.035060703407551 0.71162145068478533 -2.1449208415535455 1 CAMERA 1 21
22 1 0.99930305942897146 -0.031652405395879137 0.0080500869690039185 0.018075307697078196 1.3423094878509889 -0.33152566066631312 4.0119793242264654 1 CAMERA 1 22
23 1 0.96643133114432589 -0.057057136457655075 -0.030619628227763693 0.24863105946171032 2.1080648642629298 1.6209128144923612 6.377459266773684 1 CAMERA 1 23
24 1 0.18434272907022017 -0.15389110492352082 -0.028823682620155014 0.9703115383136357 1.8342008340118727 2.933712566449056 6.1126727597788379 1 CAMERA 1 24
25 1 -0.3237916548951128 -0.096653485797695074 -0.023708595521229364 0.94087989159182794 4.5200265889089053 0.59585998928712658 9.6144693270670043 1 CAMERA 1 25
26 1 0.9993829960383428 -0.023975330247057388 -0.0021582874134691314 -0.025576406401433095 1.2855746298948476 0.51496180099133126 3.8999563141408551 1 CAMERA 1 26
27 1 0.99206664974123404 0.0011501321941117415 0.047301142911771121 -0.11646905832185586 0.35609121949735217 0.71011601600291363 0.35312082057695243 1 CAMERA 1 27
28 1 0.94975902599094841 -0.0030107831825737759 -0.00018986164791882787 0.31296755692229045 0.14784951589515283 2.4706561858474037 -0.38509945623312558 1 CAMERA 1 28
29 1 0.32438498969137586 -0.12589089844544016 -0.024902092565023407 0.9371796764427881 0.97771771542050234 1.2605164893576735 0.36592394299948716 1 CAMERA 1 29
30 1 -0.20894939588843744 -0.10201528772997992 -0.015116475327756245 0.97247340488102385 2.8256148972398729 0.39490655678322395 1.8105389655706907 1 CAMERA 1 30
